(kicad_pcb (version 20171130) (host pcbnew 5.1.6-1.fc32)

  (general
    (thickness 1.6)
    (drawings 0)
    (tracks 227)
    (zones 0)
    (modules 48)
    (nets 125)
  )

  (page A4)
  (layers
    (0 F.Cu signal)
    (31 B.Cu signal)
    (32 B.Adhes user)
    (33 F.Adhes user)
    (34 B.Paste user)
    (35 F.Paste user)
    (36 B.SilkS user hide)
    (37 F.SilkS user)
    (38 B.Mask user)
    (39 F.Mask user)
    (40 Dwgs.User user)
    (41 Cmts.User user)
    (42 Eco1.User user)
    (43 Eco2.User user)
    (44 Edge.Cuts user)
    (45 Margin user)
    (46 B.CrtYd user)
    (47 F.CrtYd user)
    (48 B.Fab user)
    (49 F.Fab user hide)
  )

  (setup
    (last_trace_width 0.4064)
    (user_trace_width 0.254)
    (user_trace_width 0.3048)
    (user_trace_width 0.4064)
    (user_trace_width 0.6096)
    (user_trace_width 0.9144)
    (user_trace_width 1.2192)
    (trace_clearance 0.2)
    (zone_clearance 0.508)
    (zone_45_only no)
    (trace_min 0.2)
    (via_size 0.8)
    (via_drill 0.4)
    (via_min_size 0.4)
    (via_min_drill 0.3)
    (uvia_size 0.3)
    (uvia_drill 0.1)
    (uvias_allowed no)
    (uvia_min_size 0.2)
    (uvia_min_drill 0.1)
    (edge_width 0.1)
    (segment_width 0.2)
    (pcb_text_width 0.3)
    (pcb_text_size 1.5 1.5)
    (mod_edge_width 0.15)
    (mod_text_size 1 1)
    (mod_text_width 0.15)
    (pad_size 0.975 1.4)
    (pad_drill 0)
    (pad_to_mask_clearance 0)
    (aux_axis_origin 0 0)
    (visible_elements FFFFEF7F)
    (pcbplotparams
      (layerselection 0x010fc_ffffffff)
      (usegerberextensions false)
      (usegerberattributes true)
      (usegerberadvancedattributes true)
      (creategerberjobfile true)
      (excludeedgelayer true)
      (linewidth 0.100000)
      (plotframeref false)
      (viasonmask false)
      (mode 1)
      (useauxorigin false)
      (hpglpennumber 1)
      (hpglpenspeed 20)
      (hpglpendiameter 15.000000)
      (psnegative false)
      (psa4output false)
      (plotreference true)
      (plotvalue true)
      (plotinvisibletext false)
      (padsonsilk false)
      (subtractmaskfromsilk false)
      (outputformat 1)
      (mirror false)
      (drillshape 1)
      (scaleselection 1)
      (outputdirectory ""))
  )

  (net 0 "")
  (net 1 GND)
  (net 2 +5V)
  (net 3 "Net-(C3-Pad1)")
  (net 4 +3V3)
  (net 5 "Net-(C6-Pad1)")
  (net 6 "Net-(C6-Pad2)")
  (net 7 "Net-(C9-Pad1)")
  (net 8 "Net-(C10-Pad1)")
  (net 9 KNOCK_1)
  (net 10 "Net-(C11-Pad1)")
  (net 11 KNOCK_2)
  (net 12 "Net-(C12-Pad1)")
  (net 13 +BATT)
  (net 14 ECM_RELAY)
  (net 15 "Net-(J1-Pad1)")
  (net 16 "Net-(J1-Pad2)")
  (net 17 ETB+)
  (net 18 ETB-)
  (net 19 IGN3)
  (net 20 IGN2)
  (net 21 IGN1)
  (net 22 SENSOR_GND)
  (net 23 OIL_PRESSURE)
  (net 24 OIL_TEMP)
  (net 25 CAN_H)
  (net 26 CAN_L)
  (net 27 TPS)
  (net 28 USB_DP)
  (net 29 USB_DM)
  (net 30 FAN_PWM)
  (net 31 CAM)
  (net 32 "Net-(JP1-Pad1)")
  (net 33 IGN_B)
  (net 34 IGN_C)
  (net 35 "Net-(JP4-Pad1)")
  (net 36 "Net-(Q1-Pad1)")
  (net 37 BARO)
  (net 38 "Net-(R2-Pad2)")
  (net 39 AC_ON_INPUT)
  (net 40 AC_IDLE_IN)
  (net 41 CS_EGT)
  (net 42 "Net-(R5-Pad1)")
  (net 43 CS_KNOCK)
  (net 44 "Net-(R7-Pad1)")
  (net 45 "Net-(R7-Pad2)")
  (net 46 "Net-(R9-Pad2)")
  (net 47 IGN_SWITCH)
  (net 48 "Net-(R11-Pad1)")
  (net 49 "Net-(R11-Pad2)")
  (net 50 "Net-(U2-Pad20)")
  (net 51 "Net-(U2-Pad21)")
  (net 52 FUEL_PUMP)
  (net 53 IAC_CLOSE)
  (net 54 IAC_OPEN)
  (net 55 "Net-(U2-Pad5)")
  (net 56 TACH_OUT)
  (net 57 "Net-(U2-Pad25)")
  (net 58 MAP)
  (net 59 "Net-(U2-Pad8)")
  (net 60 "Net-(U2-Pad9)")
  (net 61 O2_IN)
  (net 62 VEHICLE_SPEED)
  (net 63 "Net-(U2-Pad11)")
  (net 64 "Net-(U2-Pad30)")
  (net 65 "Net-(U2-Pad31)")
  (net 66 "Net-(U2-Pad13)")
  (net 67 ECON)
  (net 68 "Net-(U2-Pad33)")
  (net 69 CHECK_ENGINE)
  (net 70 "Net-(U2-Pad34)")
  (net 71 INJ_1)
  (net 72 "Net-(U2-Pad35)")
  (net 73 INJ_2)
  (net 74 +12V)
  (net 75 "Net-(U2-Pad38)")
  (net 76 "Net-(U2-Pad39)")
  (net 77 "Net-(U2-Pad40)")
  (net 78 "Net-(U2-Pad42)")
  (net 79 "Net-(U2-Pad43)")
  (net 80 IAT)
  (net 81 CLT)
  (net 82 "Net-(U2-Pad46)")
  (net 83 VR_P)
  (net 84 VR_N)
  (net 85 "Net-(U2-Pad49)")
  (net 86 "Net-(U2-Pad51)")
  (net 87 "Net-(U2-Pad54)")
  (net 88 "Net-(U2-Pad55)")
  (net 89 SCK)
  (net 90 MISO)
  (net 91 MOSI)
  (net 92 "Net-(U3-PadJ803)")
  (net 93 "Net-(U3-PadM73)")
  (net 94 "Net-(U3-PadM72)")
  (net 95 "Net-(U3-PadM71)")
  (net 96 "Net-(U3-PadM63)")
  (net 97 "Net-(U3-PadM62)")
  (net 98 "Net-(U3-PadM61)")
  (net 99 "Net-(U3-PadM53)")
  (net 100 "Net-(U3-PadM52)")
  (net 101 "Net-(U3-PadM51)")
  (net 102 "Net-(U3-PadM23)")
  (net 103 "Net-(U3-PadM22)")
  (net 104 "Net-(U3-PadM21)")
  (net 105 "Net-(U3-PadM4)")
  (net 106 "Net-(U3-PadM3)")
  (net 107 "Net-(U3-PadM13)")
  (net 108 "Net-(U3-PadM12)")
  (net 109 "Net-(U3-PadM11)")
  (net 110 "Net-(U3-Pad12)")
  (net 111 "Net-(U3-Pad19)")
  (net 112 "Net-(U3-Pad22)")
  (net 113 "Net-(U3-Pad31)")
  (net 114 "Net-(U3-Pad38)")
  (net 115 "Net-(U3-Pad37)")
  (net 116 "Net-(U3-Pad42)")
  (net 117 "Net-(U3-Pad41)")
  (net 118 "Net-(U3-PadJ205)")
  (net 119 "Net-(U3-PadJ209)")
  (net 120 "Net-(U3-PadJ210)")
  (net 121 "Net-(U3-PadJ206)")
  (net 122 "Net-(U5-Pad9)")
  (net 123 "Net-(U5-Pad10)")
  (net 124 "Net-(U5-Pad14)")

  (net_class Default "This is the default net class."
    (clearance 0.2)
    (trace_width 0.25)
    (via_dia 0.8)
    (via_drill 0.4)
    (uvia_dia 0.3)
    (uvia_drill 0.1)
    (add_net +12V)
    (add_net +3V3)
    (add_net +5V)
    (add_net +BATT)
    (add_net AC_IDLE_IN)
    (add_net AC_ON_INPUT)
    (add_net BARO)
    (add_net CAM)
    (add_net CAN_H)
    (add_net CAN_L)
    (add_net CHECK_ENGINE)
    (add_net CLT)
    (add_net CS_EGT)
    (add_net CS_KNOCK)
    (add_net ECM_RELAY)
    (add_net ECON)
    (add_net ETB+)
    (add_net ETB-)
    (add_net FAN_PWM)
    (add_net FUEL_PUMP)
    (add_net GND)
    (add_net IAC_CLOSE)
    (add_net IAC_OPEN)
    (add_net IAT)
    (add_net IGN1)
    (add_net IGN2)
    (add_net IGN3)
    (add_net IGN_B)
    (add_net IGN_C)
    (add_net IGN_SWITCH)
    (add_net INJ_1)
    (add_net INJ_2)
    (add_net KNOCK_1)
    (add_net KNOCK_2)
    (add_net MAP)
    (add_net MISO)
    (add_net MOSI)
    (add_net "Net-(C10-Pad1)")
    (add_net "Net-(C11-Pad1)")
    (add_net "Net-(C12-Pad1)")
    (add_net "Net-(C3-Pad1)")
    (add_net "Net-(C6-Pad1)")
    (add_net "Net-(C6-Pad2)")
    (add_net "Net-(C9-Pad1)")
    (add_net "Net-(J1-Pad1)")
    (add_net "Net-(J1-Pad2)")
    (add_net "Net-(JP1-Pad1)")
    (add_net "Net-(JP4-Pad1)")
    (add_net "Net-(Q1-Pad1)")
    (add_net "Net-(R11-Pad1)")
    (add_net "Net-(R11-Pad2)")
    (add_net "Net-(R2-Pad2)")
    (add_net "Net-(R5-Pad1)")
    (add_net "Net-(R7-Pad1)")
    (add_net "Net-(R7-Pad2)")
    (add_net "Net-(R9-Pad2)")
    (add_net "Net-(U2-Pad11)")
    (add_net "Net-(U2-Pad13)")
    (add_net "Net-(U2-Pad20)")
    (add_net "Net-(U2-Pad21)")
    (add_net "Net-(U2-Pad25)")
    (add_net "Net-(U2-Pad30)")
    (add_net "Net-(U2-Pad31)")
    (add_net "Net-(U2-Pad33)")
    (add_net "Net-(U2-Pad34)")
    (add_net "Net-(U2-Pad35)")
    (add_net "Net-(U2-Pad38)")
    (add_net "Net-(U2-Pad39)")
    (add_net "Net-(U2-Pad40)")
    (add_net "Net-(U2-Pad42)")
    (add_net "Net-(U2-Pad43)")
    (add_net "Net-(U2-Pad46)")
    (add_net "Net-(U2-Pad49)")
    (add_net "Net-(U2-Pad5)")
    (add_net "Net-(U2-Pad51)")
    (add_net "Net-(U2-Pad54)")
    (add_net "Net-(U2-Pad55)")
    (add_net "Net-(U2-Pad8)")
    (add_net "Net-(U2-Pad9)")
    (add_net "Net-(U3-Pad12)")
    (add_net "Net-(U3-Pad19)")
    (add_net "Net-(U3-Pad22)")
    (add_net "Net-(U3-Pad31)")
    (add_net "Net-(U3-Pad37)")
    (add_net "Net-(U3-Pad38)")
    (add_net "Net-(U3-Pad41)")
    (add_net "Net-(U3-Pad42)")
    (add_net "Net-(U3-PadJ205)")
    (add_net "Net-(U3-PadJ206)")
    (add_net "Net-(U3-PadJ209)")
    (add_net "Net-(U3-PadJ210)")
    (add_net "Net-(U3-PadJ803)")
    (add_net "Net-(U3-PadM11)")
    (add_net "Net-(U3-PadM12)")
    (add_net "Net-(U3-PadM13)")
    (add_net "Net-(U3-PadM21)")
    (add_net "Net-(U3-PadM22)")
    (add_net "Net-(U3-PadM23)")
    (add_net "Net-(U3-PadM3)")
    (add_net "Net-(U3-PadM4)")
    (add_net "Net-(U3-PadM51)")
    (add_net "Net-(U3-PadM52)")
    (add_net "Net-(U3-PadM53)")
    (add_net "Net-(U3-PadM61)")
    (add_net "Net-(U3-PadM62)")
    (add_net "Net-(U3-PadM63)")
    (add_net "Net-(U3-PadM71)")
    (add_net "Net-(U3-PadM72)")
    (add_net "Net-(U3-PadM73)")
    (add_net "Net-(U5-Pad10)")
    (add_net "Net-(U5-Pad14)")
    (add_net "Net-(U5-Pad9)")
    (add_net O2_IN)
    (add_net OIL_PRESSURE)
    (add_net OIL_TEMP)
    (add_net SCK)
    (add_net SENSOR_GND)
    (add_net TACH_OUT)
    (add_net TPS)
    (add_net USB_DM)
    (add_net USB_DP)
    (add_net VEHICLE_SPEED)
    (add_net VR_N)
    (add_net VR_P)
  )

  (module Package_DIP:SMDIP-4_W9.53mm (layer F.Cu) (tedit 5A02E8C5) (tstamp 5F09CA88)
    (at 169.9235 56.642)
    (descr "4-lead surface-mounted (SMD) DIP package, row spacing 9.53 mm (375 mils)")
    (tags "SMD DIP DIL PDIP SMDIP 2.54mm 9.53mm 375mil")
    (path /5F470A78)
    (attr smd)
    (fp_text reference U1 (at 0 -3.6) (layer F.SilkS)
      (effects (font (size 1 1) (thickness 0.15)))
    )
    (fp_text value SFH617A-2X009T (at 0 3.6) (layer F.Fab)
      (effects (font (size 1 1) (thickness 0.15)))
    )
    (fp_text user %R (at 0 0) (layer F.Fab)
      (effects (font (size 1 1) (thickness 0.15)))
    )
    (fp_arc (start 0 -2.6) (end -1 -2.6) (angle -180) (layer F.SilkS) (width 0.12))
    (fp_line (start -2.175 -2.54) (end 3.175 -2.54) (layer F.Fab) (width 0.1))
    (fp_line (start 3.175 -2.54) (end 3.175 2.54) (layer F.Fab) (width 0.1))
    (fp_line (start 3.175 2.54) (end -3.175 2.54) (layer F.Fab) (width 0.1))
    (fp_line (start -3.175 2.54) (end -3.175 -1.54) (layer F.Fab) (width 0.1))
    (fp_line (start -3.175 -1.54) (end -2.175 -2.54) (layer F.Fab) (width 0.1))
    (fp_line (start -1 -2.6) (end -3.235 -2.6) (layer F.SilkS) (width 0.12))
    (fp_line (start -3.235 -2.6) (end -3.235 2.6) (layer F.SilkS) (width 0.12))
    (fp_line (start -3.235 2.6) (end 3.235 2.6) (layer F.SilkS) (width 0.12))
    (fp_line (start 3.235 2.6) (end 3.235 -2.6) (layer F.SilkS) (width 0.12))
    (fp_line (start 3.235 -2.6) (end 1 -2.6) (layer F.SilkS) (width 0.12))
    (fp_line (start -6.05 -2.8) (end -6.05 2.8) (layer F.CrtYd) (width 0.05))
    (fp_line (start -6.05 2.8) (end 6.05 2.8) (layer F.CrtYd) (width 0.05))
    (fp_line (start 6.05 2.8) (end 6.05 -2.8) (layer F.CrtYd) (width 0.05))
    (fp_line (start 6.05 -2.8) (end -6.05 -2.8) (layer F.CrtYd) (width 0.05))
    (pad 4 smd rect (at 4.765 -1.27) (size 2 1.78) (layers F.Cu F.Paste F.Mask)
      (net 2 +5V))
    (pad 2 smd rect (at -4.765 1.27) (size 2 1.78) (layers F.Cu F.Paste F.Mask)
      (net 1 GND))
    (pad 3 smd rect (at 4.765 1.27) (size 2 1.78) (layers F.Cu F.Paste F.Mask)
      (net 40 AC_IDLE_IN))
    (pad 1 smd rect (at -4.765 -1.27) (size 2 1.78) (layers F.Cu F.Paste F.Mask)
      (net 38 "Net-(R2-Pad2)"))
    (model ${KISYS3DMOD}/Package_DIP.3dshapes/SMDIP-4_W9.53mm.wrl
      (at (xyz 0 0 0))
      (scale (xyz 1 1 1))
      (rotate (xyz 0 0 0))
    )
  )

  (module rusefi_hw_motronic:MEGASQUIRT_BOSCH_55P (layer F.Cu) (tedit 0) (tstamp 5F0A3F46)
    (at 62.865 33.274 90)
    (descr "<h1> Bosch 55 Pin Connector </h1>")
    (path /5FEC4340)
    (fp_text reference U2 (at 0 0) (layer F.SilkS)
      (effects (font (size 1.27 1.27) (thickness 0.15)))
    )
    (fp_text value BOSCH_55P (at 2.9845 4.3815 180) (layer F.SilkS)
      (effects (font (size 1.27 1.27) (thickness 0.15)))
    )
    (fp_line (start -127 -36.477) (end -127 117.523) (layer Edge.Cuts) (width 0.05))
    (fp_line (start -127 117.523) (end -124 120.523) (layer Edge.Cuts) (width 0.05))
    (fp_line (start -124 120.523) (end 0.508 120.523) (layer Edge.Cuts) (width 0.05))
    (fp_line (start -127 -36.477) (end -124 -39.477) (layer Edge.Cuts) (width 0.05))
    (fp_line (start -124 -39.477) (end 0.508 -39.477) (layer Edge.Cuts) (width 0.05))
    (fp_line (start 0.508 120.523) (end 2.9972 118.0084) (layer Edge.Cuts) (width 0.05))
    (fp_line (start 2.9972 118.0084) (end 2.9972 111.0234) (layer Edge.Cuts) (width 0.05))
    (fp_line (start 2.9972 111.0234) (end 8 106.5276) (layer Edge.Cuts) (width 0.05))
    (fp_line (start 8 106.5276) (end 8 -25.4762) (layer Edge.Cuts) (width 0.05))
    (fp_line (start 8 -25.4762) (end 3 -29.972) (layer Edge.Cuts) (width 0.05))
    (fp_line (start 3 -29.972) (end 3 -36.9824) (layer Edge.Cuts) (width 0.05))
    (fp_line (start 3 -36.9824) (end 0.508 -39.477) (layer Edge.Cuts) (width 0.05))
    (pad "" np_thru_hole circle (at -119.55 -26.977 90) (size 4.5 4.5) (drill 4.5) (layers *.Cu *.Mask))
    (pad "" np_thru_hole circle (at -97 40.523 90) (size 4.4 4.4) (drill 4.4) (layers *.Cu *.Mask))
    (pad "" np_thru_hole circle (at -119.55 108.023 90) (size 4.5 4.5) (drill 4.5) (layers *.Cu *.Mask))
    (pad "" np_thru_hole circle (at -82 113.023 90) (size 4.5 4.5) (drill 4.5) (layers *.Cu *.Mask))
    (pad "" np_thru_hole circle (at -2.5 113.023 90) (size 4.5 4.5) (drill 4.5) (layers *.Cu *.Mask))
    (pad "" np_thru_hole circle (at -1 100.023 90) (size 4.5 4.5) (drill 4.5) (layers *.Cu *.Mask))
    (pad "" np_thru_hole circle (at -1 -18.977 90) (size 4.5 4.5) (drill 4.5) (layers *.Cu *.Mask))
    (pad 55 thru_hole circle (at -5.5 87.5 90) (size 1.8 1.8) (drill 1.2) (layers *.Cu *.Mask)
      (net 88 "Net-(U2-Pad55)") (solder_mask_margin 0.1016))
    (pad 54 thru_hole circle (at -5.5 82.5 90) (size 1.8 1.8) (drill 1.2) (layers *.Cu *.Mask)
      (net 87 "Net-(U2-Pad54)") (solder_mask_margin 0.1016))
    (pad 53 thru_hole circle (at -5.5 77.5 90) (size 1.8 1.8) (drill 1.2) (layers *.Cu *.Mask)
      (net 2 +5V) (solder_mask_margin 0.1016))
    (pad 52 thru_hole circle (at -5.5 72.5 90) (size 1.8 1.8) (drill 1.2) (layers *.Cu *.Mask)
      (net 35 "Net-(JP4-Pad1)") (solder_mask_margin 0.1016))
    (pad 51 thru_hole circle (at -5.5 67.5 90) (size 1.8 1.8) (drill 1.2) (layers *.Cu *.Mask)
      (net 86 "Net-(U2-Pad51)") (solder_mask_margin 0.1016))
    (pad 50 thru_hole circle (at -5.5 62.5 90) (size 1.8 1.8) (drill 1.2) (layers *.Cu *.Mask)
      (net 42 "Net-(R5-Pad1)") (solder_mask_margin 0.1016))
    (pad 49 thru_hole circle (at -5.5 57.5 90) (size 1.8 1.8) (drill 1.2) (layers *.Cu *.Mask)
      (net 85 "Net-(U2-Pad49)") (solder_mask_margin 0.1016))
    (pad 48 thru_hole circle (at -5.5 52.5 90) (size 1.8 1.8) (drill 1.2) (layers *.Cu *.Mask)
      (net 84 VR_N) (solder_mask_margin 0.1016))
    (pad 47 thru_hole circle (at -5.5 47.5 90) (size 1.8 1.8) (drill 1.2) (layers *.Cu *.Mask)
      (net 83 VR_P) (solder_mask_margin 0.1016))
    (pad 46 thru_hole circle (at -5.5 42.5 90) (size 1.8 1.8) (drill 1.2) (layers *.Cu *.Mask)
      (net 82 "Net-(U2-Pad46)") (solder_mask_margin 0.1016))
    (pad 45 thru_hole circle (at -5.5 37.5 90) (size 1.8 1.8) (drill 1.2) (layers *.Cu *.Mask)
      (net 81 CLT) (solder_mask_margin 0.1016))
    (pad 44 thru_hole circle (at -5.5 32.5 90) (size 1.8 1.8) (drill 1.2) (layers *.Cu *.Mask)
      (net 80 IAT) (solder_mask_margin 0.1016))
    (pad 43 thru_hole circle (at -5.5 27.5 90) (size 1.8 1.8) (drill 1.2) (layers *.Cu *.Mask)
      (net 79 "Net-(U2-Pad43)") (solder_mask_margin 0.1016))
    (pad 42 thru_hole circle (at -5.5 22.5 90) (size 1.8 1.8) (drill 1.2) (layers *.Cu *.Mask)
      (net 78 "Net-(U2-Pad42)") (solder_mask_margin 0.1016))
    (pad 41 thru_hole circle (at -5.5 17.5 90) (size 1.8 1.8) (drill 1.2) (layers *.Cu *.Mask)
      (net 39 AC_ON_INPUT) (solder_mask_margin 0.1016))
    (pad 40 thru_hole circle (at -5.5 12.5 90) (size 1.8 1.8) (drill 1.2) (layers *.Cu *.Mask)
      (net 77 "Net-(U2-Pad40)") (solder_mask_margin 0.1016))
    (pad 39 thru_hole circle (at -5.5 7.5 90) (size 1.8 1.8) (drill 1.2) (layers *.Cu *.Mask)
      (net 76 "Net-(U2-Pad39)") (solder_mask_margin 0.1016))
    (pad 38 thru_hole circle (at -5.5 2.5 90) (size 1.8 1.8) (drill 1.2) (layers *.Cu *.Mask)
      (net 75 "Net-(U2-Pad38)") (solder_mask_margin 0.1016))
    (pad 19 thru_hole circle (at 0 90 180) (size 1.8 1.8) (drill 1.2) (layers *.Cu *.Mask)
      (net 1 GND) (solder_mask_margin 0.1016))
    (pad 37 thru_hole circle (at 0 87.5 180) (size 1.8 1.8) (drill 1.2) (layers *.Cu *.Mask)
      (net 74 +12V) (solder_mask_margin 0.1016))
    (pad 18 thru_hole circle (at 0 85 180) (size 1.8 1.8) (drill 1.2) (layers *.Cu *.Mask)
      (net 13 +BATT) (solder_mask_margin 0.1016))
    (pad 36 thru_hole circle (at 0 82.5 180) (size 1.8 1.8) (drill 1.2) (layers *.Cu *.Mask)
      (net 14 ECM_RELAY) (solder_mask_margin 0.1016))
    (pad 17 thru_hole circle (at 0 80 180) (size 1.8 1.8) (drill 1.2) (layers *.Cu *.Mask)
      (net 73 INJ_2) (solder_mask_margin 0.1016))
    (pad 35 thru_hole circle (at 0 77.5 180) (size 1.8 1.8) (drill 1.2) (layers *.Cu *.Mask)
      (net 72 "Net-(U2-Pad35)") (solder_mask_margin 0.1016))
    (pad 16 thru_hole circle (at 0 75 180) (size 1.8 1.8) (drill 1.2) (layers *.Cu *.Mask)
      (net 71 INJ_1) (solder_mask_margin 0.1016))
    (pad 34 thru_hole circle (at 0 72.5 180) (size 1.8 1.8) (drill 1.2) (layers *.Cu *.Mask)
      (net 70 "Net-(U2-Pad34)") (solder_mask_margin 0.1016))
    (pad 15 thru_hole circle (at 0 70 180) (size 1.8 1.8) (drill 1.2) (layers *.Cu *.Mask)
      (net 69 CHECK_ENGINE) (solder_mask_margin 0.1016))
    (pad 33 thru_hole circle (at 0 67.5 180) (size 1.8 1.8) (drill 1.2) (layers *.Cu *.Mask)
      (net 68 "Net-(U2-Pad33)") (solder_mask_margin 0.1016))
    (pad 14 thru_hole circle (at 0 65 180) (size 1.8 1.8) (drill 1.2) (layers *.Cu *.Mask)
      (net 1 GND) (solder_mask_margin 0.1016))
    (pad 32 thru_hole circle (at 0 62.5 180) (size 1.8 1.8) (drill 1.2) (layers *.Cu *.Mask)
      (net 67 ECON) (solder_mask_margin 0.1016))
    (pad 13 thru_hole circle (at 0 60 180) (size 1.8 1.8) (drill 1.2) (layers *.Cu *.Mask)
      (net 66 "Net-(U2-Pad13)") (solder_mask_margin 0.1016))
    (pad 31 thru_hole circle (at 0 57.5 180) (size 1.8 1.8) (drill 1.2) (layers *.Cu *.Mask)
      (net 65 "Net-(U2-Pad31)") (solder_mask_margin 0.1016))
    (pad 12 thru_hole circle (at 0 55 180) (size 1.8 1.8) (drill 1.2) (layers *.Cu *.Mask)
      (net 2 +5V) (solder_mask_margin 0.1016))
    (pad 30 thru_hole circle (at 0 52.5 180) (size 1.8 1.8) (drill 1.2) (layers *.Cu *.Mask)
      (net 64 "Net-(U2-Pad30)") (solder_mask_margin 0.1016))
    (pad 11 thru_hole circle (at 0 50 180) (size 1.8 1.8) (drill 1.2) (layers *.Cu *.Mask)
      (net 63 "Net-(U2-Pad11)") (solder_mask_margin 0.1016))
    (pad 29 thru_hole circle (at 0 47.5 180) (size 1.8 1.8) (drill 1.2) (layers *.Cu *.Mask)
      (net 62 VEHICLE_SPEED) (solder_mask_margin 0.1016))
    (pad 10 thru_hole circle (at 0 45 180) (size 1.8 1.8) (drill 1.2) (layers *.Cu *.Mask)
      (net 22 SENSOR_GND) (solder_mask_margin 0.1016))
    (pad 28 thru_hole circle (at 0 42.5 180) (size 1.8 1.8) (drill 1.2) (layers *.Cu *.Mask)
      (net 61 O2_IN) (solder_mask_margin 0.1016))
    (pad 9 thru_hole circle (at 0 40 180) (size 1.8 1.8) (drill 1.2) (layers *.Cu *.Mask)
      (net 60 "Net-(U2-Pad9)") (solder_mask_margin 0.1016))
    (pad 27 thru_hole circle (at 0 37.5 180) (size 1.8 1.8) (drill 1.2) (layers *.Cu *.Mask)
      (net 47 IGN_SWITCH) (solder_mask_margin 0.1016))
    (pad 8 thru_hole circle (at 0 35 180) (size 1.8 1.8) (drill 1.2) (layers *.Cu *.Mask)
      (net 59 "Net-(U2-Pad8)") (solder_mask_margin 0.1016))
    (pad 26 thru_hole circle (at 0 32.5 180) (size 1.8 1.8) (drill 1.2) (layers *.Cu *.Mask)
      (net 22 SENSOR_GND) (solder_mask_margin 0.1016))
    (pad 7 thru_hole circle (at 0 30 180) (size 1.8 1.8) (drill 1.2) (layers *.Cu *.Mask)
      (net 58 MAP) (solder_mask_margin 0.1016))
    (pad 25 thru_hole circle (at 0 27.5 180) (size 1.8 1.8) (drill 1.2) (layers *.Cu *.Mask)
      (net 57 "Net-(U2-Pad25)") (solder_mask_margin 0.1016))
    (pad 6 thru_hole circle (at 0 25 180) (size 1.8 1.8) (drill 1.2) (layers *.Cu *.Mask)
      (net 56 TACH_OUT) (solder_mask_margin 0.1016))
    (pad 24 thru_hole circle (at 0 22.5 180) (size 1.8 1.8) (drill 1.2) (layers *.Cu *.Mask)
      (net 1 GND) (solder_mask_margin 0.1016))
    (pad 5 thru_hole circle (at 0 20 180) (size 1.8 1.8) (drill 1.2) (layers *.Cu *.Mask)
      (net 55 "Net-(U2-Pad5)") (solder_mask_margin 0.1016))
    (pad 23 thru_hole circle (at 0 17.5 180) (size 1.8 1.8) (drill 1.2) (layers *.Cu *.Mask)
      (net 52 FUEL_PUMP) (solder_mask_margin 0.1016))
    (pad 4 thru_hole circle (at 0 15 180) (size 1.8 1.8) (drill 1.2) (layers *.Cu *.Mask)
      (net 54 IAC_OPEN) (solder_mask_margin 0.1016))
    (pad 22 thru_hole circle (at 0 12.5 180) (size 1.8 1.8) (drill 1.2) (layers *.Cu *.Mask)
      (net 53 IAC_CLOSE) (solder_mask_margin 0.1016))
    (pad 3 thru_hole circle (at 0 10 180) (size 1.8 1.8) (drill 1.2) (layers *.Cu *.Mask)
      (net 52 FUEL_PUMP) (solder_mask_margin 0.1016))
    (pad 21 thru_hole circle (at 0 7.5 180) (size 1.8 1.8) (drill 1.2) (layers *.Cu *.Mask)
      (net 51 "Net-(U2-Pad21)") (solder_mask_margin 0.1016))
    (pad 2 thru_hole circle (at 0 5 180) (size 1.8 1.8) (drill 1.2) (layers *.Cu *.Mask)
      (net 1 GND) (solder_mask_margin 0.1016))
    (pad 20 thru_hole circle (at 0 2.5 180) (size 1.8 1.8) (drill 1.2) (layers *.Cu *.Mask)
      (net 50 "Net-(U2-Pad20)") (solder_mask_margin 0.1016))
    (pad 1 thru_hole rect (at 0 0 90) (size 1.8 1.8) (drill 1.2) (layers *.Cu *.Mask)
      (net 32 "Net-(JP1-Pad1)") (solder_mask_margin 0.1016))
  )

  (module rusefi_hw_motronic:MPXA4250A6U (layer F.Cu) (tedit 5F09E1CA) (tstamp 5F0B0AC3)
    (at 167.1955 107.442 90)
    (path /5F1099E0)
    (fp_text reference U6 (at 2.2225 -11.557 90) (layer F.SilkS)
      (effects (font (size 1 1) (thickness 0.15)))
    )
    (fp_text value MPXA4250A6U (at 11.43 3.81 90) (layer F.Fab)
      (effects (font (size 0.787402 0.787402) (thickness 0.15)))
    )
    (fp_circle (center 16.51 2.54) (end 17.018 2.54) (layer Dwgs.User) (width 0.508))
    (fp_line (start 1.27 -10.16) (end 15.24 -10.16) (layer F.Fab) (width 0.127))
    (fp_line (start 15.24 -10.16) (end 15.24 2.54) (layer F.Fab) (width 0.127))
    (fp_line (start 15.24 2.54) (end 1.27 2.54) (layer F.Fab) (width 0.127))
    (fp_line (start 1.27 2.54) (end 1.27 -10.16) (layer F.Fab) (width 0.127))
    (pad 1 smd rect (at 16.764 0 90) (size 2.54 1.524) (layers F.Cu F.Paste F.Mask))
    (pad 2 smd rect (at 16.764 -2.54 90) (size 2.54 1.524) (layers F.Cu F.Paste F.Mask)
      (net 2 +5V))
    (pad 3 smd rect (at 16.764 -5.08 90) (size 2.54 1.524) (layers F.Cu F.Paste F.Mask)
      (net 1 GND))
    (pad 4 smd rect (at 16.764 -7.62 90) (size 2.54 1.524) (layers F.Cu F.Paste F.Mask)
      (net 3 "Net-(C3-Pad1)"))
    (pad 5 smd rect (at 0 -7.62 90) (size 2.54 1.524) (layers F.Cu F.Paste F.Mask))
    (pad 6 smd rect (at 0 -5.08 90) (size 2.54 1.524) (layers F.Cu F.Paste F.Mask))
    (pad 7 smd rect (at 0 -2.54 90) (size 2.54 1.524) (layers F.Cu F.Paste F.Mask))
    (pad 8 smd rect (at 0 0 90) (size 2.54 1.524) (layers F.Cu F.Paste F.Mask))
  )

  (module Capacitor_SMD:C_0805_2012Metric (layer F.Cu) (tedit 5B36C52B) (tstamp 5F0B13EB)
    (at 165.593 83.693)
    (descr "Capacitor SMD 0805 (2012 Metric), square (rectangular) end terminal, IPC_7351 nominal, (Body size source: https://docs.google.com/spreadsheets/d/1BsfQQcO9C6DZCsRaXUlFlo91Tg2WpOkGARC1WS5S8t0/edit?usp=sharing), generated with kicad-footprint-generator")
    (tags capacitor)
    (path /5F51AB62)
    (attr smd)
    (fp_text reference C1 (at 2.809 0.0635) (layer F.SilkS)
      (effects (font (size 1 1) (thickness 0.15)))
    )
    (fp_text value 1uF (at 0 1.65) (layer F.Fab)
      (effects (font (size 1 1) (thickness 0.15)))
    )
    (fp_line (start 1.68 0.95) (end -1.68 0.95) (layer F.CrtYd) (width 0.05))
    (fp_line (start 1.68 -0.95) (end 1.68 0.95) (layer F.CrtYd) (width 0.05))
    (fp_line (start -1.68 -0.95) (end 1.68 -0.95) (layer F.CrtYd) (width 0.05))
    (fp_line (start -1.68 0.95) (end -1.68 -0.95) (layer F.CrtYd) (width 0.05))
    (fp_line (start -0.258578 0.71) (end 0.258578 0.71) (layer F.SilkS) (width 0.12))
    (fp_line (start -0.258578 -0.71) (end 0.258578 -0.71) (layer F.SilkS) (width 0.12))
    (fp_line (start 1 0.6) (end -1 0.6) (layer F.Fab) (width 0.1))
    (fp_line (start 1 -0.6) (end 1 0.6) (layer F.Fab) (width 0.1))
    (fp_line (start -1 -0.6) (end 1 -0.6) (layer F.Fab) (width 0.1))
    (fp_line (start -1 0.6) (end -1 -0.6) (layer F.Fab) (width 0.1))
    (fp_text user %R (at 0 0) (layer F.Fab)
      (effects (font (size 0.5 0.5) (thickness 0.08)))
    )
    (pad 1 smd roundrect (at -0.9375 0) (size 0.975 1.4) (layers F.Cu F.Paste F.Mask) (roundrect_rratio 0.25)
      (net 2 +5V))
    (pad 2 smd roundrect (at 0.9375 0) (size 0.975 1.4) (layers F.Cu F.Paste F.Mask) (roundrect_rratio 0.25)
      (net 1 GND))
    (model ${KISYS3DMOD}/Capacitor_SMD.3dshapes/C_0805_2012Metric.wrl
      (at (xyz 0 0 0))
      (scale (xyz 1 1 1))
      (rotate (xyz 0 0 0))
    )
  )

  (module Capacitor_SMD:C_0805_2012Metric (layer F.Cu) (tedit 5B36C52B) (tstamp 5F0B141B)
    (at 165.593 86.36)
    (descr "Capacitor SMD 0805 (2012 Metric), square (rectangular) end terminal, IPC_7351 nominal, (Body size source: https://docs.google.com/spreadsheets/d/1BsfQQcO9C6DZCsRaXUlFlo91Tg2WpOkGARC1WS5S8t0/edit?usp=sharing), generated with kicad-footprint-generator")
    (tags capacitor)
    (path /5F51B1EE)
    (attr smd)
    (fp_text reference C2 (at 2.809 -0.0635) (layer F.SilkS)
      (effects (font (size 1 1) (thickness 0.15)))
    )
    (fp_text value 0.01uF (at 0 1.65) (layer F.Fab)
      (effects (font (size 1 1) (thickness 0.15)))
    )
    (fp_line (start 1.68 0.95) (end -1.68 0.95) (layer F.CrtYd) (width 0.05))
    (fp_line (start 1.68 -0.95) (end 1.68 0.95) (layer F.CrtYd) (width 0.05))
    (fp_line (start -1.68 -0.95) (end 1.68 -0.95) (layer F.CrtYd) (width 0.05))
    (fp_line (start -1.68 0.95) (end -1.68 -0.95) (layer F.CrtYd) (width 0.05))
    (fp_line (start -0.258578 0.71) (end 0.258578 0.71) (layer F.SilkS) (width 0.12))
    (fp_line (start -0.258578 -0.71) (end 0.258578 -0.71) (layer F.SilkS) (width 0.12))
    (fp_line (start 1 0.6) (end -1 0.6) (layer F.Fab) (width 0.1))
    (fp_line (start 1 -0.6) (end 1 0.6) (layer F.Fab) (width 0.1))
    (fp_line (start -1 -0.6) (end 1 -0.6) (layer F.Fab) (width 0.1))
    (fp_line (start -1 0.6) (end -1 -0.6) (layer F.Fab) (width 0.1))
    (fp_text user %R (at 0 0) (layer F.Fab)
      (effects (font (size 0.5 0.5) (thickness 0.08)))
    )
    (pad 1 smd roundrect (at -0.9375 0) (size 0.975 1.4) (layers F.Cu F.Paste F.Mask) (roundrect_rratio 0.25)
      (net 2 +5V))
    (pad 2 smd roundrect (at 0.9375 0) (size 0.975 1.4) (layers F.Cu F.Paste F.Mask) (roundrect_rratio 0.25)
      (net 1 GND))
    (model ${KISYS3DMOD}/Capacitor_SMD.3dshapes/C_0805_2012Metric.wrl
      (at (xyz 0 0 0))
      (scale (xyz 1 1 1))
      (rotate (xyz 0 0 0))
    )
  )

  (module Capacitor_SMD:C_0805_2012Metric (layer F.Cu) (tedit 5B36C52B) (tstamp 5F09C719)
    (at 160.528 86.36)
    (descr "Capacitor SMD 0805 (2012 Metric), square (rectangular) end terminal, IPC_7351 nominal, (Body size source: https://docs.google.com/spreadsheets/d/1BsfQQcO9C6DZCsRaXUlFlo91Tg2WpOkGARC1WS5S8t0/edit?usp=sharing), generated with kicad-footprint-generator")
    (tags capacitor)
    (path /5EF85A66)
    (attr smd)
    (fp_text reference C3 (at -2.921 0) (layer F.SilkS)
      (effects (font (size 1 1) (thickness 0.15)))
    )
    (fp_text value 470pF (at 0 1.65) (layer F.Fab)
      (effects (font (size 1 1) (thickness 0.15)))
    )
    (fp_line (start -1 0.6) (end -1 -0.6) (layer F.Fab) (width 0.1))
    (fp_line (start -1 -0.6) (end 1 -0.6) (layer F.Fab) (width 0.1))
    (fp_line (start 1 -0.6) (end 1 0.6) (layer F.Fab) (width 0.1))
    (fp_line (start 1 0.6) (end -1 0.6) (layer F.Fab) (width 0.1))
    (fp_line (start -0.258578 -0.71) (end 0.258578 -0.71) (layer F.SilkS) (width 0.12))
    (fp_line (start -0.258578 0.71) (end 0.258578 0.71) (layer F.SilkS) (width 0.12))
    (fp_line (start -1.68 0.95) (end -1.68 -0.95) (layer F.CrtYd) (width 0.05))
    (fp_line (start -1.68 -0.95) (end 1.68 -0.95) (layer F.CrtYd) (width 0.05))
    (fp_line (start 1.68 -0.95) (end 1.68 0.95) (layer F.CrtYd) (width 0.05))
    (fp_line (start 1.68 0.95) (end -1.68 0.95) (layer F.CrtYd) (width 0.05))
    (fp_text user %R (at 0 0) (layer F.Fab)
      (effects (font (size 0.5 0.5) (thickness 0.08)))
    )
    (pad 2 smd roundrect (at 0.9375 0) (size 0.975 1.4) (layers F.Cu F.Paste F.Mask) (roundrect_rratio 0.25)
      (net 1 GND))
    (pad 1 smd roundrect (at -0.9375 0) (size 0.975 1.4) (layers F.Cu F.Paste F.Mask) (roundrect_rratio 0.25)
      (net 3 "Net-(C3-Pad1)"))
    (model ${KISYS3DMOD}/Capacitor_SMD.3dshapes/C_0805_2012Metric.wrl
      (at (xyz 0 0 0))
      (scale (xyz 1 1 1))
      (rotate (xyz 0 0 0))
    )
  )

  (module Capacitor_SMD:C_0805_2012Metric (layer F.Cu) (tedit 5B36C52B) (tstamp 5F09C72A)
    (at 52.5145 96 270)
    (descr "Capacitor SMD 0805 (2012 Metric), square (rectangular) end terminal, IPC_7351 nominal, (Body size source: https://docs.google.com/spreadsheets/d/1BsfQQcO9C6DZCsRaXUlFlo91Tg2WpOkGARC1WS5S8t0/edit?usp=sharing), generated with kicad-footprint-generator")
    (tags capacitor)
    (path /5EFA0847)
    (attr smd)
    (fp_text reference C4 (at 2.525 0 180) (layer F.SilkS)
      (effects (font (size 1 1) (thickness 0.15)))
    )
    (fp_text value 0.1uF (at 0 1.65 90) (layer F.Fab)
      (effects (font (size 1 1) (thickness 0.15)))
    )
    (fp_line (start 1.68 0.95) (end -1.68 0.95) (layer F.CrtYd) (width 0.05))
    (fp_line (start 1.68 -0.95) (end 1.68 0.95) (layer F.CrtYd) (width 0.05))
    (fp_line (start -1.68 -0.95) (end 1.68 -0.95) (layer F.CrtYd) (width 0.05))
    (fp_line (start -1.68 0.95) (end -1.68 -0.95) (layer F.CrtYd) (width 0.05))
    (fp_line (start -0.258578 0.71) (end 0.258578 0.71) (layer F.SilkS) (width 0.12))
    (fp_line (start -0.258578 -0.71) (end 0.258578 -0.71) (layer F.SilkS) (width 0.12))
    (fp_line (start 1 0.6) (end -1 0.6) (layer F.Fab) (width 0.1))
    (fp_line (start 1 -0.6) (end 1 0.6) (layer F.Fab) (width 0.1))
    (fp_line (start -1 -0.6) (end 1 -0.6) (layer F.Fab) (width 0.1))
    (fp_line (start -1 0.6) (end -1 -0.6) (layer F.Fab) (width 0.1))
    (fp_text user %R (at 0 0 90) (layer F.Fab)
      (effects (font (size 0.5 0.5) (thickness 0.08)))
    )
    (pad 1 smd roundrect (at -0.9375 0 270) (size 0.975 1.4) (layers F.Cu F.Paste F.Mask) (roundrect_rratio 0.25)
      (net 4 +3V3))
    (pad 2 smd roundrect (at 0.9375 0 270) (size 0.975 1.4) (layers F.Cu F.Paste F.Mask) (roundrect_rratio 0.25)
      (net 1 GND))
    (model ${KISYS3DMOD}/Capacitor_SMD.3dshapes/C_0805_2012Metric.wrl
      (at (xyz 0 0 0))
      (scale (xyz 1 1 1))
      (rotate (xyz 0 0 0))
    )
  )

  (module Capacitor_SMD:C_0805_2012Metric (layer F.Cu) (tedit 5B36C52B) (tstamp 5F09C73B)
    (at 55.1815 96 270)
    (descr "Capacitor SMD 0805 (2012 Metric), square (rectangular) end terminal, IPC_7351 nominal, (Body size source: https://docs.google.com/spreadsheets/d/1BsfQQcO9C6DZCsRaXUlFlo91Tg2WpOkGARC1WS5S8t0/edit?usp=sharing), generated with kicad-footprint-generator")
    (tags capacitor)
    (path /5EFA18AA)
    (attr smd)
    (fp_text reference C5 (at 2.4915 0 180) (layer F.SilkS)
      (effects (font (size 1 1) (thickness 0.15)))
    )
    (fp_text value 10uF (at 0 1.65 90) (layer F.Fab)
      (effects (font (size 1 1) (thickness 0.15)))
    )
    (fp_line (start -1 0.6) (end -1 -0.6) (layer F.Fab) (width 0.1))
    (fp_line (start -1 -0.6) (end 1 -0.6) (layer F.Fab) (width 0.1))
    (fp_line (start 1 -0.6) (end 1 0.6) (layer F.Fab) (width 0.1))
    (fp_line (start 1 0.6) (end -1 0.6) (layer F.Fab) (width 0.1))
    (fp_line (start -0.258578 -0.71) (end 0.258578 -0.71) (layer F.SilkS) (width 0.12))
    (fp_line (start -0.258578 0.71) (end 0.258578 0.71) (layer F.SilkS) (width 0.12))
    (fp_line (start -1.68 0.95) (end -1.68 -0.95) (layer F.CrtYd) (width 0.05))
    (fp_line (start -1.68 -0.95) (end 1.68 -0.95) (layer F.CrtYd) (width 0.05))
    (fp_line (start 1.68 -0.95) (end 1.68 0.95) (layer F.CrtYd) (width 0.05))
    (fp_line (start 1.68 0.95) (end -1.68 0.95) (layer F.CrtYd) (width 0.05))
    (fp_text user %R (at 0 0 90) (layer F.Fab)
      (effects (font (size 0.5 0.5) (thickness 0.08)))
    )
    (pad 2 smd roundrect (at 0.9375 0 270) (size 0.975 1.4) (layers F.Cu F.Paste F.Mask) (roundrect_rratio 0.25)
      (net 1 GND))
    (pad 1 smd roundrect (at -0.9375 0 270) (size 0.975 1.4) (layers F.Cu F.Paste F.Mask) (roundrect_rratio 0.25)
      (net 4 +3V3))
    (model ${KISYS3DMOD}/Capacitor_SMD.3dshapes/C_0805_2012Metric.wrl
      (at (xyz 0 0 0))
      (scale (xyz 1 1 1))
      (rotate (xyz 0 0 0))
    )
  )

  (module Capacitor_SMD:C_0805_2012Metric (layer F.Cu) (tedit 5B36C52B) (tstamp 5F09C74C)
    (at 49.403 91.059 90)
    (descr "Capacitor SMD 0805 (2012 Metric), square (rectangular) end terminal, IPC_7351 nominal, (Body size source: https://docs.google.com/spreadsheets/d/1BsfQQcO9C6DZCsRaXUlFlo91Tg2WpOkGARC1WS5S8t0/edit?usp=sharing), generated with kicad-footprint-generator")
    (tags capacitor)
    (path /5F0EAA6D)
    (attr smd)
    (fp_text reference C6 (at 0 -2.159 180) (layer F.SilkS)
      (effects (font (size 1 1) (thickness 0.15)))
    )
    (fp_text value 10nF (at 0 1.65 90) (layer F.Fab)
      (effects (font (size 1 1) (thickness 0.15)))
    )
    (fp_line (start 1.68 0.95) (end -1.68 0.95) (layer F.CrtYd) (width 0.05))
    (fp_line (start 1.68 -0.95) (end 1.68 0.95) (layer F.CrtYd) (width 0.05))
    (fp_line (start -1.68 -0.95) (end 1.68 -0.95) (layer F.CrtYd) (width 0.05))
    (fp_line (start -1.68 0.95) (end -1.68 -0.95) (layer F.CrtYd) (width 0.05))
    (fp_line (start -0.258578 0.71) (end 0.258578 0.71) (layer F.SilkS) (width 0.12))
    (fp_line (start -0.258578 -0.71) (end 0.258578 -0.71) (layer F.SilkS) (width 0.12))
    (fp_line (start 1 0.6) (end -1 0.6) (layer F.Fab) (width 0.1))
    (fp_line (start 1 -0.6) (end 1 0.6) (layer F.Fab) (width 0.1))
    (fp_line (start -1 -0.6) (end 1 -0.6) (layer F.Fab) (width 0.1))
    (fp_line (start -1 0.6) (end -1 -0.6) (layer F.Fab) (width 0.1))
    (fp_text user %R (at 0 0 90) (layer F.Fab)
      (effects (font (size 0.5 0.5) (thickness 0.08)))
    )
    (pad 1 smd roundrect (at -0.9375 0 90) (size 0.975 1.4) (layers F.Cu F.Paste F.Mask) (roundrect_rratio 0.25)
      (net 5 "Net-(C6-Pad1)"))
    (pad 2 smd roundrect (at 0.9375 0 90) (size 0.975 1.4) (layers F.Cu F.Paste F.Mask) (roundrect_rratio 0.25)
      (net 6 "Net-(C6-Pad2)"))
    (model ${KISYS3DMOD}/Capacitor_SMD.3dshapes/C_0805_2012Metric.wrl
      (at (xyz 0 0 0))
      (scale (xyz 1 1 1))
      (rotate (xyz 0 0 0))
    )
  )

  (module Capacitor_SMD:C_0805_2012Metric (layer F.Cu) (tedit 5B36C52B) (tstamp 5F0A4659)
    (at 43.8785 116.5075 90)
    (descr "Capacitor SMD 0805 (2012 Metric), square (rectangular) end terminal, IPC_7351 nominal, (Body size source: https://docs.google.com/spreadsheets/d/1BsfQQcO9C6DZCsRaXUlFlo91Tg2WpOkGARC1WS5S8t0/edit?usp=sharing), generated with kicad-footprint-generator")
    (tags capacitor)
    (path /5F10B3DC)
    (attr smd)
    (fp_text reference C7 (at 2.4615 0 180) (layer F.SilkS)
      (effects (font (size 1 1) (thickness 0.15)))
    )
    (fp_text value 4.7uF (at 0 1.65 90) (layer F.Fab)
      (effects (font (size 1 1) (thickness 0.15)))
    )
    (fp_line (start -1 0.6) (end -1 -0.6) (layer F.Fab) (width 0.1))
    (fp_line (start -1 -0.6) (end 1 -0.6) (layer F.Fab) (width 0.1))
    (fp_line (start 1 -0.6) (end 1 0.6) (layer F.Fab) (width 0.1))
    (fp_line (start 1 0.6) (end -1 0.6) (layer F.Fab) (width 0.1))
    (fp_line (start -0.258578 -0.71) (end 0.258578 -0.71) (layer F.SilkS) (width 0.12))
    (fp_line (start -0.258578 0.71) (end 0.258578 0.71) (layer F.SilkS) (width 0.12))
    (fp_line (start -1.68 0.95) (end -1.68 -0.95) (layer F.CrtYd) (width 0.05))
    (fp_line (start -1.68 -0.95) (end 1.68 -0.95) (layer F.CrtYd) (width 0.05))
    (fp_line (start 1.68 -0.95) (end 1.68 0.95) (layer F.CrtYd) (width 0.05))
    (fp_line (start 1.68 0.95) (end -1.68 0.95) (layer F.CrtYd) (width 0.05))
    (fp_text user %R (at 0 0 90) (layer F.Fab)
      (effects (font (size 0.5 0.5) (thickness 0.08)))
    )
    (pad 2 smd roundrect (at 0.9375 0 90) (size 0.975 1.4) (layers F.Cu F.Paste F.Mask) (roundrect_rratio 0.25)
      (net 1 GND))
    (pad 1 smd roundrect (at -0.9375 0 90) (size 0.975 1.4) (layers F.Cu F.Paste F.Mask) (roundrect_rratio 0.25)
      (net 2 +5V))
    (model ${KISYS3DMOD}/Capacitor_SMD.3dshapes/C_0805_2012Metric.wrl
      (at (xyz 0 0 0))
      (scale (xyz 1 1 1))
      (rotate (xyz 0 0 0))
    )
  )

  (module Capacitor_SMD:C_0805_2012Metric (layer F.Cu) (tedit 5B36C52B) (tstamp 5F0A4629)
    (at 46.2915 116.5075 90)
    (descr "Capacitor SMD 0805 (2012 Metric), square (rectangular) end terminal, IPC_7351 nominal, (Body size source: https://docs.google.com/spreadsheets/d/1BsfQQcO9C6DZCsRaXUlFlo91Tg2WpOkGARC1WS5S8t0/edit?usp=sharing), generated with kicad-footprint-generator")
    (tags capacitor)
    (path /5F0986B2)
    (attr smd)
    (fp_text reference C8 (at 2.4615 0 180) (layer F.SilkS)
      (effects (font (size 1 1) (thickness 0.15)))
    )
    (fp_text value 100nF (at 0 1.65 90) (layer F.Fab)
      (effects (font (size 1 1) (thickness 0.15)))
    )
    (fp_line (start -1 0.6) (end -1 -0.6) (layer F.Fab) (width 0.1))
    (fp_line (start -1 -0.6) (end 1 -0.6) (layer F.Fab) (width 0.1))
    (fp_line (start 1 -0.6) (end 1 0.6) (layer F.Fab) (width 0.1))
    (fp_line (start 1 0.6) (end -1 0.6) (layer F.Fab) (width 0.1))
    (fp_line (start -0.258578 -0.71) (end 0.258578 -0.71) (layer F.SilkS) (width 0.12))
    (fp_line (start -0.258578 0.71) (end 0.258578 0.71) (layer F.SilkS) (width 0.12))
    (fp_line (start -1.68 0.95) (end -1.68 -0.95) (layer F.CrtYd) (width 0.05))
    (fp_line (start -1.68 -0.95) (end 1.68 -0.95) (layer F.CrtYd) (width 0.05))
    (fp_line (start 1.68 -0.95) (end 1.68 0.95) (layer F.CrtYd) (width 0.05))
    (fp_line (start 1.68 0.95) (end -1.68 0.95) (layer F.CrtYd) (width 0.05))
    (fp_text user %R (at 0 0 90) (layer F.Fab)
      (effects (font (size 0.5 0.5) (thickness 0.08)))
    )
    (pad 2 smd roundrect (at 0.9375 0 90) (size 0.975 1.4) (layers F.Cu F.Paste F.Mask) (roundrect_rratio 0.25)
      (net 1 GND))
    (pad 1 smd roundrect (at -0.9375 0 90) (size 0.975 1.4) (layers F.Cu F.Paste F.Mask) (roundrect_rratio 0.25)
      (net 2 +5V))
    (model ${KISYS3DMOD}/Capacitor_SMD.3dshapes/C_0805_2012Metric.wrl
      (at (xyz 0 0 0))
      (scale (xyz 1 1 1))
      (rotate (xyz 0 0 0))
    )
  )

  (module Capacitor_SMD:C_0805_2012Metric (layer F.Cu) (tedit 5B36C52B) (tstamp 5F0A448B)
    (at 45.466 121.666 180)
    (descr "Capacitor SMD 0805 (2012 Metric), square (rectangular) end terminal, IPC_7351 nominal, (Body size source: https://docs.google.com/spreadsheets/d/1BsfQQcO9C6DZCsRaXUlFlo91Tg2WpOkGARC1WS5S8t0/edit?usp=sharing), generated with kicad-footprint-generator")
    (tags capacitor)
    (path /5F072A62)
    (attr smd)
    (fp_text reference C9 (at 2.9695 -0.127) (layer F.SilkS)
      (effects (font (size 1 1) (thickness 0.15)))
    )
    (fp_text value 100nF (at 0 1.65) (layer F.Fab)
      (effects (font (size 1 1) (thickness 0.15)))
    )
    (fp_line (start 1.68 0.95) (end -1.68 0.95) (layer F.CrtYd) (width 0.05))
    (fp_line (start 1.68 -0.95) (end 1.68 0.95) (layer F.CrtYd) (width 0.05))
    (fp_line (start -1.68 -0.95) (end 1.68 -0.95) (layer F.CrtYd) (width 0.05))
    (fp_line (start -1.68 0.95) (end -1.68 -0.95) (layer F.CrtYd) (width 0.05))
    (fp_line (start -0.258578 0.71) (end 0.258578 0.71) (layer F.SilkS) (width 0.12))
    (fp_line (start -0.258578 -0.71) (end 0.258578 -0.71) (layer F.SilkS) (width 0.12))
    (fp_line (start 1 0.6) (end -1 0.6) (layer F.Fab) (width 0.1))
    (fp_line (start 1 -0.6) (end 1 0.6) (layer F.Fab) (width 0.1))
